
# Please make this file available to others
# by sending it to <winlirc.configs@gmail.com>
#
# this config file was automatically generated
# using lirc-0.9.0(SerialDevice) on Mon Dec 21 23:42:24 2015
#
# contributed by 
#
# brand:                       config.cf
# model no. of remote control: 
# devices being controlled by this remote:
#

begin remote

  name  config.cf
  flags RAW_CODES
  eps            30
  aeps          100

  ptrail       1325
  gap          153702

      begin raw_codes

	  
          name lf
             3630    1021     731     450    1338     448
             1327    1042     760     445    1314    1022
              746    1036     753    1044     736     463
             1403     950     754    1015     744     454
             1337    1025     759     452    1327     442
             1334     459    1354	  
			 
          name fwd
             3629     998     793     401    1287    1078
              759     436    1401     385    1373     401
             1346    1020     813     984     782     398
             1377    1010     780     386    1343    1016
              686    1093     767    1013     793     410
             1346     436    1338

          name rf
             3523    1029     739     458    1352    1010
              747     463    1355    1052     704     445
             1363    1003     772     997     755     443
             1371     986     712     494    1337    1034
              739     454    1317    1026     660     542
             1328     460    1393
			 
			 
          name ll
             3622    1003     672    1109     766    1008
              776     442    1363     414    1316     464
             1349    1029     759    1009     794     396
             1354     437    1223     540    1352    1001
              773    1039     773     990     761     427
             1347     433    1314
			 
          name stp
             3537    1129     710     471    1236     551
             1346     434    1236     546    1228    1143
              743    1031     647    1122     662     542
             1256    1111     632    1134     764    1048
              637    1132     774     422    1321     446
             1238     541    1244

          name rr
             3632    1004     756     449    1245     538
             1369     408    1357     416    1349    1022
              787     405    1346    1009     670     544
             1352     994     659    1156     715    1034
              777    1012     761     427    1349    1027
              759     425    1327

          name lb
             3570    1062     634     599    1173     574
             1289    1061     752    1034     701     539
             1175    1141     766    1010     724     490
             1314    1046     671    1101     675     556
             1172     576    1287    1070     707     487
             1289     485    1205
			  
          name bkw
             3545     531    1239    1125     726     460
             1339     440    1382     399    1260    1086
              662     559    1233    1113     763    1024
              795     398    1282    1069     699    1083
              751    1035     728     463    1314    1053
              733     464    1324

          name rb
             3540    1067     645    1154     729    1046
              675     555    1175    1144     704     537
             1171    1163     639    1120     671     556
             1174     590    1226     546    1288    1062
              639     598    1174    1158     704     512
             1174     581    1253
			 

          name zzz
             3624    1004     781     424    1350    1010
              744    1037     767     429    1366     424
             1258     514    1359    1008     782     412
             1391     983     657     527    1314     460
             1352    1008     786    1027     765    1000
              758     426    1347
			  
			  
          name xxx1
             3657    1000     795     968     690    1089
              775     424    1291     507    1240    1111
              771    1009     776     424    1352     425
             1352     422    1239     548    1250    1109
              768    1003     776     442    1349     420
             1343    1005     680

          name ccc
             3594    1014     775    1010     817     970
              764     420    1354    1018     689    1080
              759     429    1251    1113     767     428
             1346     487    1253     476    1358    1010
              656     540    1357     430    1343    1012
              761     444    1346
			  
      end raw_codes

end remote
